0
0.033325988937847967
0.11109167906404693
0.24295491346386783
0
0.086393862164430374
0.17778130818640678
0.11418208218614459
0.055273994706828533
0.21179915125482313
0
0.14623981738723521
0.039267664757778264
0
0.095636228435371562
0.032829057927724392
0.15551836895921078
0.16049658255771412
0.25718953105371323
0.030367614134556603
0.06635458912936551
0.0034398726086179998
0.086071054816251935
0.19751505744507983
0.092930377155799299
0
0.1170787505286047
0
0.1965445025058605
0.14568336618544114
0.054450338056561104
0.13815149324255779
0
0.14958468134562625
0.12838716020796609
0
0.16552453490982563
0.042872011302949958
0.084776669668039123
0.084398085613147128
0.02422016487920528
0.29062397018516506
0
0.11287013786563135
0.065864884536716989
0
0
0.040965650898333456
0
0.11708514055740918
0.15779435494410074
0.059649205539153344
0.19511621625352463
0.18386382835697918
0.1704911728126797
0.077979422330715142
0.29616857631139981
0.17420822359916163
0
0.10973233168686963
0.13339072090973309
0.15254900574431515
0
0.087087694355187428
0
0.12931011303153314
0.077784687865739499
0.11867188002768345
0.18184273935701634
0.079597865832238684
0
0.1544033731608275
0.19391617787891602
0.13445151099787375
0.3450586376819616
0
0
0.0603376259512306
0.024372200351569701
0.052055146820054105
0.12805002522559519
0.2539119292864559
0.075115626211696013
0.11521666420680965
0.10582849621766577
0.12267433082900761
0.083597008805486261
0.05164485358602694
0
0.16215107144997742
0.082651721882565421
0.047927093629813067
0.18197781214059686
0.12827054625213119
0.017660148965010503
0.165190148329108
0
0.16478114529228918
0.2519305840563496
0.033928598866590609
0.011698031589742863
0.25508437763992131
0.092941952644489179
0
0
0.072217925853609061
0
0.14631210016499405
0
0.085031029362262839
0.046335011460177544
0.096597871182738659
0.068573870191012493
0.17237605801021588
0
0.13531239988440008
0.1544550152049993
0.10755128105138723
0.21464384330534167
0.060635616242934898
0.16486206369264214
0
0.14912035771686144
0.063558908648828544
0.10747691802692713
0.011803882820333456
0
0.28047533882248266
0.1235024904114459
0.034358647773728601
0.16513022103001743
0.061693684162997781
0.097551729766152895
0.1012545941915734
0
0.14203929052201156
0.10830244894992064
0
0.085655551149620923
0.081090143527614955
0.027621570019835784
0
0.048183652302278446
0.15237672955426057
0
0.1876078246069372
0.10777382290039572
0.17726181261337412
0.044017610034715882
0
0
0.27855615565925951
0.13762361351270783
0.14487088399234849
0.17010883984356798
0.0017809623165905564
0.089536568195364458
0.077727279675642358
0.074796497297617143
0
0.1016961083765415
0
0.063653316629581541
0.26194919959657009
0.12357798594279212
0
0.1122937498611154
0.11329170528952823
0.071373222007893339
0
0.15342364138706793
0
0.041409182076069556
0.067228932805100533
0
0.13021230075238241
0.054457810564868731
0.00017109071593393588
0.020079192483255986
0.00098616809721169263
0
0.072983884517967029
0.030095532349915216
0.12940605761478349
0
0.18195829863843233
0.18442483162258713
0.20290825140387753
0
0.12210098565495695
0.20426805991549521
0.086936657055242839
0.14067313517479216
0
0
0.33050969855022622
0.13781353687743897
0
0
0.19047763174081792
0.061435432052601741
0.017243131617098673
0
0.002058386425985409
0.30550511112049938
0.34425337619961649
0.044921406659701679
0.17122048402358658
0.18490324393241678
0.17505874461662463
0.13782533360784582
0
0.12230569296366228
0.031022507612821271
0
0.18306031717124663
0
0.12275868281619817
0.026400290311007546
0.23357855185473234
0.15221851311230203
0.16134233765848835
0.20960825267104971
0.063346784382220883
0.23724060505209502
0.084238684677156589
0.011569556883720772
0
0.21005616092182775
0.15982353995948948
0.034143497014469892
0.14236052064681937
0.083494292981977053
0.13030525561318329
0.015053783697378115
0.091224075564064838
0.21428606163536057
0.011116022292151973
0.045048825602823084
0.13615294812807552
0
0.0074127313644609116
0.28551414086928761
0.10934125081521004
0.007987099269078729
0.0046910313205603682
0.22175699552225037
0.0026015686410301164
0.27612972391511692
0
0.16489087479612552
0
0.12499262950969478
0
0.2623296438117505
0.12614479512224894
0
0.19088251092662689
0.084620764931514408
0.1117770613889745
0.11208821006883848
0
0.02935090767441409
0.083020277930854952
0.11999228329076464
0.13796102345138711
0.033300467827359626
0.078244142247493403
0.054079498053639707
0.024482566655934734
0.097033367233576084
0.065970092497971089
0
0.14193629112088921
0.025503616374541821
0
0.043227028497620529
0.097518680544461833
0.16664205044566033
0.058644309844603837
0.062433236984082624
0.094941113787258391
0.0029830268019211126
0
0.095108537120161651
0.10330600498431233
0.21186348450921602
0
0.050542648352167929
0.14391186732697442
0.059839288890071507
0
0.049618686377750909
0
0
0.26577950720558824
0.17970337881225304
0.017063260177085343
0.12912270611798984
0.06736102657567708
0.16328577041715661
0.13296062596795749
0.2347835290521178
0.26122884773766847
0.072088178849945506
0
0.22723013367632
0.034943335957373478
0.16551235985858148
0
0.0699976745450826
0.18398140981610775
0
0.034451977545358198
0.1648398114411922
0
0
0.010220986555589312
0.16489963945117503
0.022237008475819053
0.1339911226442409
0.15448413729039323
0.039767543594591837
0.1196050912566502
0.092786849306268376
0
0.013347585977607712
0.07307103293277542
0.0042149648463511158
0
0.078868061601519684
0.24160232930988643
0.098994930551376675
0.02802866011674468
0.041453447085837897
0
0.050477038253721768
0.14679045617646361
0.021820045982292868
0
0
0.15519642447839741
0.079211060680558915
0.12207898041202903
0.24002014418939699
0
0.081713922824993956
0.039840129683640618
0
0.091556593562773708
0.099080851386630198
0.29135301228099997
0
0.13486884663919238
0.14122087792833221
0
0.081561816162514872
0.039543943097813172
0.0693998558988414
0.17668203013562986
0.012027704748911211
0.087560889142793308
0.053983561002380859
0.17880596960998554
0.12118493171277267
0.16103761376023751
0.17520644869925467
0.043597169785214052
0.23580367943782096
0.13950065919007271
0.14301701315170404
0
0.037012632347351693
0.14692716512391138
0.059389138051320567
0
0.17086254665627215
0.17210861766723926
0.0061721434142733844
0.038109518765166439
0.2065077660103056
0.14318710614399943
0.0024130910092365898
0.22763064735107999
0
0
0.13044725253414388
0.093372754951678294
0
0.095743753026287376
0
0.09549850129052817
0.12890878828779417
0.14002942660807025
0.05295836016931102
0.1114691217899163
0.066958150814315165
0.23184020019150936
0.02518021845523713
0.14407983481456682
0.097917086491292771
0.15820847625919626
0.1793881755199111
0.14126825954915789
0.099736179970780048
0.20640449081663881
0.082293194389988722
0
0.34510316305910538
0.11748550472479899
0
0.096773187265917882
0.033372524210651233
0.049201929442120484
0.17845845674480235
0.18671335806608594
0.080540178149959452
0.30758428286764572
0.015385227767945098
0.083498156267370116
0.070017390366224952
0.21958458859756019
0
0.1823471973637471
0
0
0.12072751083038863
0.044445358345879149
0.12777524577908644
0.15867879797668716
0.15133949749650627
0.23079399198536243
0.0055272815377793161
0.11810522892037265
0.025908776013078089
0.13873420545507975
0.14390540041909333
0.016361319388264517
0.20286184884682762
0.0010259457924812754
0.074132933265270012
0.093140050750554648
0.059887544339055965
0.11600286449285724
0.13465670155430984
0.045055247842603785
0.18919131402720993
0.11542800496078487
0.0081353512582880705
0.08432610670485377
0.072885830782181665
0.23606210257314822
0.12657676722840289
0.16559392644302565
0.1391758058345472
0
0
0.11544289030909458
0
0.099216127188228753
0.070687484504387915
0.043800462370415572
0.18773674037769794
0
0.23952411123635473
0.099333035329143671
0.14547824240866464
0.054524184215272692
0.051591254603930381
0
0.022415830972730755
0.18638719832402712
0
0
0.14764396644972838
0
0.038408582672830954
0.15546360044308463
0.17127864747535637
0.14210473603236604
0.062781428791199467
0.12063883151149921
0
0.094894588715403821
0
0.004063536780528676
0
0.057439094088040904
0.13206705217983897
0.067123419190434935
0.084401925012671075
0.17040237913762693
0.11470771249031012
0.31085149372945475
0.15763196719251368
0
0.010917926512953979
0.070626130699239897
0.037550985006790494
0.11717287867142692
0.24368938762101591
0
0.027212505036304319
0.16255923096949343
0.18455800510813447
0.12309652929138665
0
0
0.04320388538420139
0.016809335390380875
0
0
0.17026903645078528
0.13321701189300372
0
0.17781017251056325
0
0
0.0010745379548366685
0.2996916234533048
0.12086442935033084
0.16548850501981399
0.14133747584976045
0.19368595445014483
0.12537354215077579
0.15385679160690988
0.19185263902040595
0.097306162873637664
0.23748874287234681
0.17908995053345642
0.20620595664708014
0
0.23057247417258531
0.20653084350733897
0
0
0.10978610847970066
0
0
0.078263750310551883
0.074649748957735462
0.081321210813074557
0.17139564961902734
0.018879363953123673
0
0.015489177315184788
0.1574085642746223
0
0.066016666094876719
0.13276369371912475
0.12596965601035756
0.054008965961877126
0
0.063551920217459174
0.090470032907326692
0.11633893589126915
0
0
0.066293382273990398
0
0.099029382377437886
0.056896677909430454
0.031101645820122092
0.10848739787337206
0.0015134733654605659
0.017156319503632306
0.20972515702781919
0.11979894734807647
0.15229897364440179
0.079000952695921584
0.084189948163742478
0.094045129982281817
0
0.14964934470431771
0.10867500166236718
0.11371971722941313
0.030852449346521732
0.12243654856058561
0.15124439977273041
0.1823287674544751
0
0.041750694649674847
0.13626219920417584
0.19069196479773681
0.091792446598013666
0.038687321662390667
0.25259917458574677
0.054621987650266046
0.15327306995526732
0.10208451944254995
0.13278237126715287
0.11693193128733737
0.053117051933595144
0
0.039517704922112151
0
0
0.18365847456574425
0.06122597414778902
0.017882924726255661
0.10952208946023603
0.12809549725119246
0
0
0.21754458157741063
0.034422785102369929
0.23001122965833215
0.2386459291247664
0
0.069154276791857761
0.061027975784906541
0.0048230267789197423
0.1724988739172568
0.20722907030822046
0.12465178482814859
0
0.056263426969456243
0.056312744132248543
0.078514428143484832
0.039769437852594069
0.089282896486008761
0
0.052024818300372422
0.029137938921364098
0.042712539720173526
0
0
0.089170262281049545
0.25238716663205213
0.062282120505786687
0.089736840700496451
0.11586168677856995
0.20085138063051111
0
0.16629206206385611
0.15580124463896483
0.053203831027971132
0.085611902740244827
0.11658088225205826
0.092941744855354225
0.034932177508286921
0.0014283325431344029
0.037428372050735403
0.11846001032205605
0.19785530626231007
0
0.094351834315454575
0.073990895709536791
0.10597728141196477
0
0.047764167207493713
0.14381511559083096
0.13731409065806718
0.09311616303539258
0.093096509944330996
0.086574915852553419
0.10580453793453121
0
0
0.00013818189295675132
0.19861746728653942
0.064257749425198435
0.16637916056606161
0.063948109037412743
0.030755812548343281
0.08193486203807418
0
0.086723887660791699
0.033019549630812134
0.05293632671379872
0.17112930187085085
0
0.23314196993813249
0.028698586471178594
0.020599837388635023
0
0.11617743321914201
0.19939622725132822
0
0
0
0.25803400742879723
0.041912017702647242
0.15832472456179544
0.097274437883856368
0.1065469077164781
0.048172744465276252
0
0.14813754760021997
0
0
0.032779465281666809
0
0.10099908851435521
0.099267001335992311
0
0.016957621998074296
0.083986447363922911
0.078014675133358857
0
0.075571151868332298
0
0
0
0
0.11998376063894178
0.014009472368048032
0.17764719270977672
0
0.1412728197095291
0.21437803028270114
0.023598929790991346
0.22384754521433559
0.063851693154718531
0.14671423232824238
0.010463544545654652
0.052360101346586807
0.029200418203408851
0.047665502938860488
0.25618009728303276
0.04839624152413366
0.063461984486649164
0.010212518433673767
0.020416888476604805
0.14634950740154867
0
0
0.24475869509306233
0.024787303074442713
0
0.15298451300179938
0.18558385392015586
0.17130075395217478
0.072732237780243209
0.23785697277454354
0.15549653637969202
0.11898341483464278
0.07876054894870077
0
0.020685965965906744
0.2289079645010102
0.06302841983300389
0.03034815293030535
0.14031958460917152
0.015925299942665422
0.085561447277438613
0.11995600589773828
0.15583083690461336
0
0.10856038797626946
0.052821154818540578
0
0.052240044645053607
0.13478984842536124
0.11900685511166248
0.0045355715430475396
0.045871302844167183
0.20170515054467031
0.053110297009764829
0.082444198935601815
0.099485744704671974
0
0
0.0083330849485372671
0.032712438063698446
0.022982725018128175
0.013049863135671469
0.00357379411654421
0
0.086019407534379588
0.064116775952736155
0.12432263004532218
0.089257496847233164
0
0.085124798403245827
0.082743566396236479
0.020444464348428393
0.045435573923207212
0.098878491065366697
0.17296591855226642
0.07834036120250551
0.088427714333722041
0.10488060670131605
0
0.16204431241206052
0.11882500085330774
0.15427777023301145
0.064138121596797271
0.12957371411280119
0.2894538641047194
0.080450961729710835
0.12596820569127443
0.17662069809708167
0.20250298166137756
0.050377838491105803
0.11275902487232373
0.065792923172875856
0.32665309558967948
0.072625361721116777
0
0.077388027335941467
0.075329344083162247
0.078217912700085462
0.072263268168182682
0
0.035189601359109035
0.061677574564992732
0.018439971671597499
0
0.18521826175792105
0.13135235284181557
0.16308240955885128
0.31831995127189383
0.14525023024099093
0.023947501006348931
0
0.2346648273786765
0.041499670216783413
0.055351793972724106
0
0.17034648143849557
0.20093294844237541
0
0
0
0.22145239456826707
0.010742695153926951
0.23665421672286766
0.068161240769932907
0
0
0
0.066982683568701185
0
0
0.17016145685990328
0.055415241116302416
0.075628642309536864
0.24560696287618217
0.14976315322282305
0.0786054468004726
0.15463528667718696
0.014895549375641304
0.040455824908146421
0
0.058591434213430993
0.076288650765569815
0.11976038733008571
0.087212747204502061
0.040551609986845372
0.20863673504203981
0.013166482967201132
0.072441821575844584
0.026471103226391984
0.11270655748712621
0
0
0.011191897907937398
0.028532782500593962
0
0.03646917136690353
0.15755046338536474
0.011648689533807488
0
0
0.032329223880313923
0.034884843608456034
0.22296495494662222
0
0.091180523331325869
0
0.10066711573223905
0.18512112706597159
0.027973849250909788
0.036342330567814746
0
0.050572912499800504
0.0083639282291173844
0.086158630489822752
0
0.039908842335705352
0
0
0.08464827767557509
0.017079720607108662
0.11012863224779473
0.089466231018483611
0.14161273446388056
0.21378148024303612
0.030835842104965983
0.056751304197339453
0.13365474535673974
0.062205127967223051
0.10525471842270787
0.19078440492783622
0.10208532494817663
0
0.12934333305577711
0.13230598171632754
0.20846554272447504
0.12930696422145996
0
0.11542156220073668
0.0010571093391656961
0.037077162629839733
0.030743560059774161
0.038633766648182244
0.12339979705823814
0.30500572213977573
0.084220896940570722
0.028703348664164741
0.026493015382069468
0.036004353797537886
0.18041287771697054
0.10710884794958767
0.1091695585962694
0.016058081071943925
0.070621928756264052
0
0
0
0.095890170023058802
0
0.18149537398812682
0
0.17298913378763367
0.13558983455487381
0.088268648507207031
0.18182794350894491
0.04182048036255856
0.1099430579238434
0.040305039890059569
0.22894755444715378
0.22789341476208103
0.17031834403596602
0.029135606527920327
0
0
0
0.10220671314638063
0.16546483485301095
0
0
0.024299093379704484
0.12779460020459466
0.083046636946277702
0.26420500757248155
0.0082859046055644425
0
0.12595853057299225
0.00021260417410598476
0.030178489811321957
0.0072410063775902034
0.10911298938634617
0.093214217582298753
0.076829565873493405
0
0.0049868932562341095
0.018109046632535875
0.026321642157493025
0.11370875815180079
0
0.029074650208491232
0.15622582689347891
0
0.21539408629526055
0.010301529365863288
0.11406964733800157
0
0.065409414169731561
0.076548034353857153
0
0.055461125535696792
0.13367060263151911
0.044646859485171747
0.0092566980312313862
0.06990421895707169
0
0.04134389723717935
0
0.16651801114721146
0.12953107002400635
0.001519531754512804
0.032242519654971213
0.10302430500429599
0.064725827281286286
0.16355258347322399
0.11888457215224627
0.21093642581646574
0.0174415326660943
0.06792566105803205
0.2559564874014339
0
0
0.18294797321488807
0
0.049364918582124551
0.13088845097899984
0.067969963936566125
0.092062044397431708
